{
    "CameraMatrixL": {
        "type_id": "opencv-matrix",
        "rows": 3,
        "cols": 3,
        "dt": "d",
        "data": [ 2.2371803725903387e+03, 0.0, 8.9197012720850262e+02,
            0.0, 2.2625688300033557e+03, 6.2088004525230826e+02, 0.0,
            0.0, 1.0 ]
    },
    "cameraMatrixR": {
        "type_id": "opencv-matrix",
        "rows": 3,
        "cols": 3,
        "dt": "d",
        "data": [ 2.2534140719508628e+03, 0.0, 9.5670517686661856e+02,
            0.0, 2.2813426538726062e+03, 6.2851930139368289e+02, 0.0,
            0.0, 1.0 ]
    },
    "imagePointsL": [
        [ 1.55707178e+03, 3.13028992e+02, 1.54790015e+03, 4.26613190e+02,
            1.53882446e+03, 5.37330261e+02, 1.53002063e+03,
            6.45441956e+02, 1.52081799e+03, 7.50541748e+02,
            1.45685693e+03, 3.17340424e+02, 1.44896375e+03,
            4.32924896e+02, 1.44109448e+03, 5.45429810e+02,
            1.43320361e+03, 6.55095825e+02, 1.42560718e+03,
            7.61694275e+02, 1.35329675e+03, 3.22145721e+02,
            1.34639868e+03, 4.39433777e+02, 1.33983179e+03,
            5.53828125e+02, 1.33340430e+03, 6.65287537e+02,
            1.32705762e+03, 7.73471130e+02, 1.24545520e+03,
            3.26929291e+02, 1.24033704e+03, 4.46289459e+02,
            1.23526294e+03, 5.62521301e+02, 1.22996008e+03,
            6.75574951e+02, 1.22488037e+03, 7.85460388e+02,
            1.13383142e+03, 3.32325165e+02, 1.13016711e+03,
            4.53470856e+02, 1.12665186e+03, 5.71534973e+02,
            1.12306934e+03, 6.86276672e+02, 1.11947656e+03,
            7.97970276e+02, 1.01845709e+03, 3.38053101e+02,
            1.01641144e+03, 4.61165497e+02, 1.01431366e+03,
            5.81132202e+02, 1.01242316e+03, 6.97647339e+02,
            1.01055200e+03, 8.10754150e+02, 8.98988464e+02,
            3.44033386e+02, 8.98535645e+02, 4.69317474e+02,
            8.98438110e+02, 5.90794617e+02, 8.97852478e+02,
            7.08991943e+02, 8.97996033e+02, 8.23832092e+02,
            7.75523438e+02, 3.50627960e+02, 777.0, 4.75500000e+02,
            7.78629089e+02, 6.01351929e+02, 7.80171509e+02,
            7.21187622e+02, 7.81953918e+02, 8.37479309e+02,
            6.48388367e+02, 3.57930664e+02, 6.51585449e+02,
            4.86640228e+02, 6.55254944e+02, 6.11964966e+02,
            6.58802917e+02, 7.33335388e+02, 6.62571533e+02,
            8.50948425e+02, 5.17221680e+02, 3.65436096e+02,
            5.22598083e+02, 4.96281921e+02, 5.28324585e+02,
            6.23074524e+02, 5.34181091e+02, 7.45812317e+02,
            5.40093994e+02, 8.65224854e+02 ],
        [ 1.46150000e+03, 3.53500000e+02, 1457.0, 4.83500000e+02,
            1.45250000e+03, 610.0, 1.44750000e+03, 733.0, 1.44350000e+03,
            8.52500000e+02, 1333.0, 3.45500000e+02, 1.33050000e+03,
            4.73500000e+02, 1328.0, 597.0, 1.32407727e+03,
            7.20145508e+02, 1322.0, 834.0, 1209.0, 3.38500000e+02,
            1.20950000e+03, 464.0, 1.20850000e+03, 585.0, 1.20750000e+03,
            703.0, 1.20650000e+03, 8.17500000e+02, 1092.0, 333.0, 1093.0,
            454.0, 1.09450000e+03, 5.73500000e+02, 1.09550000e+03,
            6.89500000e+02, 1.09550000e+03, 801.0, 9.79500000e+02,
            3.27500000e+02, 9.82500000e+02, 4.46500000e+02,
            9.83843018e+02, 5.64810913e+02, 988.0, 6.75500000e+02, 990.0,
            7.85500000e+02, 873.0, 322.0, 8.76500000e+02, 439.0,
            8.81500000e+02, 552.0, 8.84500000e+02, 663.0, 8.88500000e+02,
            7.70500000e+02, 7.70500000e+02, 3.18500000e+02, 776.0, 431.0,
            7.80500000e+02, 5.42500000e+02, 786.0, 650.0, 7.90500000e+02,
            756.0, 6.69911133e+02, 3.11599243e+02, 6.79500000e+02,
            4.23500000e+02, 6.85500000e+02, 533.0, 6.92500000e+02,
            6.38500000e+02, 698.0, 7.42500000e+02, 579.0, 3.09500000e+02,
            5.87500000e+02, 4.17500000e+02, 5.94500000e+02,
            5.24500000e+02, 6.02500000e+02, 6.27500000e+02, 609.0, 729.0,
            490.0, 306.0, 4.99500000e+02, 4.11500000e+02, 5.07500000e+02,
            5.15500000e+02, 516.0, 617.0, 5.23500000e+02, 7.16500000e+02 ],
        [ 1.36727246e+03, 3.54150330e+02, 1.37021265e+03, 4.66337219e+02,
            1.37318079e+03, 5.80381958e+02, 1.37555420e+03,
            6.96844116e+02, 1.37782446e+03, 8.15324829e+02,
            1.25770496e+03, 3.65511475e+02, 1.25954175e+03,
            4.75516113e+02, 1.26158228e+03, 5.87771851e+02,
            1.26293799e+03, 7.01640930e+02, 1.26414929e+03,
            8.17636353e+02, 1.15214026e+03, 3.76577972e+02,
            1.15311853e+03, 4.84363770e+02, 1.15389539e+03,
            5.94463806e+02, 1.15417749e+03, 7.06204590e+02,
            1.15490088e+03, 8.19923096e+02, 1.05069189e+03,
            3.87447754e+02, 1.05040796e+03, 4.93386108e+02,
            1.05016467e+03, 6.00953552e+02, 1.05018201e+03,
            7.10680664e+02, 1.04920105e+03, 8.21698547e+02,
            9.52781311e+02, 3.97931885e+02, 9.52151672e+02,
            5.01611664e+02, 9.51070679e+02, 6.07539734e+02,
            9.49949646e+02, 7.14963379e+02, 9.48415466e+02,
            8.24045593e+02, 8.58850159e+02, 4.08023865e+02,
            8.57335876e+02, 5.10134338e+02, 8.55676025e+02,
            6.13638000e+02, 8.53670715e+02, 7.18886719e+02,
            8.51415100e+02, 8.26120239e+02, 7.68739563e+02,
            4.18040985e+02, 7.66429993e+02, 5.17939758e+02,
            7.63732056e+02, 6.19749207e+02, 7.61356445e+02,
            7.22726746e+02, 7.58455811e+02, 8.27912537e+02,
            6.81732666e+02, 4.27467316e+02, 6.78951599e+02,
            5.25591553e+02, 6.76016541e+02, 6.25541138e+02,
            6.72776917e+02, 7.26611694e+02, 6.69585022e+02,
            8.29425049e+02, 5.98626465e+02, 4.37038147e+02,
            5.95129578e+02, 5.33470337e+02, 5.91193298e+02,
            6.31128418e+02, 5.87618469e+02, 7.30287537e+02,
            5.84249512e+02, 8.31012695e+02, 5.18273987e+02,
            4.45859802e+02, 5.14367676e+02, 5.40572632e+02,
            5.10286774e+02, 6.36422729e+02, 5.05970123e+02,
            7.33962708e+02, 5.02314423e+02, 8.32521423e+02 ],
        [ 1.62413232e+03, 3.30141235e+02, 1.63175085e+03, 4.57135193e+02,
            1.63849792e+03, 5.86098206e+02, 1.64526538e+03,
            7.16989014e+02, 1.65231995e+03, 8.49900696e+02,
            1.49556982e+03, 3.33069885e+02, 1.50174878e+03,
            4.59332794e+02, 1.50813538e+03, 5.88378418e+02,
            1.51348535e+03, 7.18825989e+02, 1.51886292e+03,
            8.52387451e+02, 1.36749976e+03, 3.35789093e+02,
            1.37250110e+03, 4.61834747e+02, 1.37742969e+03,
            5.90360535e+02, 1.38225854e+03, 7.20983093e+02,
            1.38646912e+03, 8.53757996e+02, 1.23955505e+03,
            3.38853241e+02, 1.24345935e+03, 4.64475983e+02,
            1.24705981e+03, 5.91738098e+02, 1.25053687e+03,
            7.22905457e+02, 1.25441882e+03, 8.55021790e+02,
            1.11242688e+03, 3.42328552e+02, 1.11530737e+03,
            4.67098633e+02, 1.11785022e+03, 5.95109253e+02,
            1.12081689e+03, 7.24726135e+02, 1.12260352e+03,
            8.57035706e+02, 9.86767029e+02, 3.45593323e+02,
            9.87729980e+02, 4.70496521e+02, 9.89811951e+02,
            5.97523010e+02, 9.91165527e+02, 7.26519104e+02,
            9.92557129e+02, 8.57725647e+02, 8.61173279e+02,
            3.49467926e+02, 8.61381592e+02, 4.72701477e+02,
            8.62165161e+02, 5.99990479e+02, 8.62989075e+02,
            7.28332458e+02, 8.63102417e+02, 8.59504578e+02,
            7.37515564e+02, 3.52493286e+02, 7.36500000e+02, 473.0,
            7.36705566e+02, 6.01902832e+02, 7.35555054e+02,
            7.30839050e+02, 7.35036743e+02, 8.58876038e+02,
            6.14697693e+02, 3.57293274e+02, 6.14024841e+02,
            4.79546143e+02, 6.11957642e+02, 6.05376831e+02,
            6.10942993e+02, 7.31543030e+02, 6.09004089e+02,
            8.61353516e+02, 4.95393860e+02, 3.61332489e+02,
            4.91854919e+02, 4.84011566e+02, 4.89434692e+02,
